0.0 5.57805667e8
1.0 5.57870496e8
2.0 5.57593234e8
3.0 5.58049308e8
4.0 5.5802455e8
5.0 5.58703943e8
6.0 5.57476992e8
7.0 5.56311324e8
8.0 5.56487079e8
9.0 5.56245104e8
10.0 5.55791516e8
11.0 5.56773203e8
12.0 5.57003196e8
13.0 5.56270021e8
14.0 5.5615587e8
15.0 5.56235133e8
16.0 5.55867436e8
17.0 5.55801862e8
18.0 5.56121837e8
19.0 5.56205705e8
20.0 5.56310001e8
21.0 5.56379506e8
22.0 5.56319809e8
23.0 5.56186094e8
24.0 5.5755224e8
25.0 5.56538441e8
26.0 5.56266817e8
27.0 5.56501129e8
28.0 5.56717275e8
29.0 5.56695385e8
30.0 5.56219523e8
31.0 5.56173847e8
32.0 5.55766501e8
33.0 5.55870833e8
34.0 5.55321593e8
35.0 5.56818258e8
36.0 5.56283644e8
37.0 5.55693079e8
38.0 5.55533234e8
39.0 5.55530744e8
40.0 5.56188815e8
41.0 5.56411331e8
42.0 5.56312377e8
43.0 5.54975953e8
44.0 5.54342262e8
45.0 5.55023836e8
46.0 5.55023613e8
47.0 5.54653195e8
48.0 5.54739968e8
49.0 5.55242258e8
50.0 5.53956161e8
51.0 5.53801559e8
52.0 5.53890704e8
53.0 5.53612917e8
54.0 5.54027298e8
55.0 5.53610184e8
56.0 5.53197576e8
57.0 5.53500849e8
58.0 5.53177796e8
59.0 5.52539277e8
60.0 5.53099182e8
61.0 5.52882997e8
62.0 5.52585261e8
63.0 5.52699382e8
64.0 5.52559625e8
65.0 5.52506783e8
66.0 5.52581708e8
67.0 5.52538088e8
68.0 5.52531998e8
69.0 5.53071976e8
70.0 5.52617323e8
71.0 5.5263925e8
72.0 5.53566307e8
73.0 5.53083705e8
74.0 5.53630133e8
75.0 5.52484969e8
76.0 5.51904688e8
77.0 5.52485006e8
78.0 5.52862318e8
79.0 5.53472695e8
80.0 5.52538721e8
81.0 5.52240326e8
82.0 5.52260316e8
83.0 5.52011474e8
84.0 5.52002051e8
85.0 5.51849343e8
86.0 5.52101011e8
87.0 5.51783345e8
88.0 5.51638047e8
89.0 5.51637362e8
90.0 5.50108372e8
91.0 5.50447766e8
92.0 5.50478574e8
93.0 5.50392669e8
94.0 5.50974085e8
95.0 5.51795458e8
96.0 5.50842128e8
97.0 5.50190007e8
98.0 5.50508731e8
99.0 5.5051397e8
100.0 5.50466051e8
101.0 5.50853094e8
102.0 5.5092845e8
103.0 5.50364431e8
104.0 5.50194924e8
105.0 5.50538582e8
106.0 5.50494432e8
107.0 5.50137663e8
108.0 5.50156817e8
109.0 5.50964116e8
110.0 5.51033278e8
111.0 5.50741316e8
112.0 5.51009735e8
113.0 5.50447203e8
114.0 5.50432149e8
115.0 5.50635292e8
116.0 5.50334347e8
117.0 5.50331164e8
118.0 5.50222083e8
119.0 5.50240279e8
120.0 5.50764944e8
121.0 5.50581889e8
122.0 5.50520123e8
123.0 5.5018958e8
124.0 5.50177405e8
125.0 5.50363344e8
126.0 5.51455557e8
127.0 5.50418398e8
128.0 5.50467113e8
129.0 5.51690352e8
130.0 5.50114979e8
131.0 5.50104607e8
132.0 5.50175827e8
133.0 5.50194886e8
134.0 5.50472794e8
135.0 5.50469249e8
136.0 5.50871388e8
137.0 5.5112853e8
138.0 5.50959722e8
139.0 5.50627073e8
140.0 5.50621925e8
141.0 5.50140451e8
142.0 5.50223017e8
143.0 5.50744789e8
144.0 5.51508032e8
145.0 5.50152784e8
146.0 5.50312464e8
147.0 5.51002844e8
148.0 5.50175112e8
149.0 5.50219769e8
150.0 5.5128271e8
151.0 5.5169049e8
152.0 5.51161776e8
153.0 5.50092674e8
154.0 5.49265931e8
155.0 5.5010237e8
156.0 5.49381338e8
157.0 5.49257674e8
158.0 5.5046659e8
159.0 5.49532465e8
160.0 5.49463252e8
161.0 5.49464906e8
162.0 5.49273479e8
163.0 5.49276911e8
164.0 5.4924924e8
165.0 5.48971428e8
166.0 5.49804804e8
167.0 5.49881541e8
168.0 5.48956165e8
169.0 5.48299124e8
170.0 5.48477653e8
171.0 5.48354216e8
172.0 5.48404712e8
173.0 5.48257658e8
174.0 5.47177986e8
175.0 5.48265385e8
176.0 5.47633402e8
177.0 5.4762023e8
178.0 5.47097515e8
179.0 5.45951034e8
180.0 5.46534114e8
181.0 5.46496948e8
182.0 5.45648488e8
183.0 5.45094792e8
184.0 5.44956733e8
185.0 5.44637783e8
186.0 5.45022353e8
187.0 5.4493951e8
188.0 5.44795054e8
189.0 5.45032984e8
190.0 5.4574326e8
191.0 5.44746033e8
192.0 5.44780448e8
193.0 5.44777201e8
194.0 5.45065357e8
195.0 5.44465065e8
196.0 5.44294069e8
197.0 5.4495204e8
198.0 5.43212602e8
199.0 5.4252005e8
200.0 5.41964343e8
201.0 5.41813799e8
202.0 5.41944464e8
203.0 5.41840814e8
204.0 5.42033324e8
205.0 5.42441917e8
206.0 5.41981384e8
207.0 5.41938345e8
208.0 5.41645498e8
209.0 5.41683317e8
210.0 5.41259271e8
211.0 5.40852545e8
212.0 5.41793435e8
213.0 5.41812829e8
214.0 5.40700837e8
215.0 5.39957856e8
216.0 5.39719458e8
217.0 5.39517585e8
218.0 5.39453985e8
219.0 5.39327627e8
220.0 5.40755872e8
221.0 5.4064576e8
222.0 5.40512275e8
223.0 5.39824939e8
224.0 5.39600711e8
225.0 5.39598762e8
226.0 5.40285383e8
227.0 5.39767915e8
228.0 5.40471198e8
229.0 5.40529273e8
230.0 5.39768518e8
231.0 5.39627934e8
232.0 5.39370708e8
233.0 5.4031861e8
234.0 5.40153893e8
235.0 5.40169487e8
236.0 5.39411501e8
237.0 5.3947495e8
238.0 5.39619168e8
239.0 5.39354878e8
240.0 5.39318985e8
241.0 5.39393803e8
242.0 5.39385481e8
243.0 5.40197623e8
244.0 5.39550553e8
245.0 5.39800754e8
246.0 5.40243838e8
247.0 5.40309001e8
248.0 5.39423404e8
249.0 5.39340079e8
250.0 5.3956688e8
251.0 5.39549646e8
252.0 5.39536802e8
253.0 5.40476253e8
254.0 5.40187716e8
255.0 5.39329778e8
256.0 5.39276503e8
257.0 5.40372909e8
258.0 5.39189106e8
259.0 5.38226682e8
260.0 5.38359633e8
261.0 5.38162233e8
262.0 5.39378465e8
263.0 5.38692236e8
264.0 5.38358196e8
265.0 5.38424901e8
266.0 5.38726202e8
267.0 5.3831431e8
268.0 5.38201529e8
269.0 5.38034287e8
270.0 5.38125014e8
271.0 5.38300008e8
272.0 5.38579546e8
273.0 5.38761612e8
274.0 5.39554385e8
275.0 5.39175905e8
276.0 5.38305174e8
277.0 5.39028712e8
278.0 5.38802188e8
279.0 5.38354548e8
280.0 5.3833077e8
281.0 5.39242888e8
282.0 5.38668086e8
283.0 5.38446915e8
284.0 5.38479335e8
285.0 5.38114596e8
286.0 5.38051321e8
287.0 5.38043393e8
288.0 5.38748806e8
289.0 5.38813972e8
290.0 5.38327577e8
291.0 5.38122905e8
292.0 5.38118069e8
293.0 5.38862676e8
294.0 5.38316711e8
295.0 5.38260878e8
296.0 5.38371325e8
297.0 5.39081816e8
298.0 5.38688259e8
299.0 5.38439855e8
300.0 5.38208133e8
301.0 5.38497247e8
302.0 5.38439351e8
303.0 5.38474395e8
304.0 5.38366587e8
305.0 5.38363879e8
306.0 5.38330136e8
307.0 5.38212583e8
308.0 5.38371646e8
309.0 5.38384423e8
310.0 5.38388731e8
311.0 5.38621079e8
312.0 5.38241673e8
313.0 5.37963855e8
314.0 5.37837865e8
315.0 5.37861671e8
316.0 5.37853809e8
317.0 5.38773247e8
318.0 5.38732554e8
319.0 5.38040499e8
320.0 5.38033064e8
321.0 5.37805165e8
322.0 5.38671848e8
323.0 5.37946659e8
324.0 5.3775575e8
325.0 5.3760708e8
326.0 5.37326202e8
327.0 5.37263277e8
328.0 5.36037216e8
329.0 5.36901619e8
330.0 5.35868023e8
331.0 5.35896884e8
332.0 5.34539938e8
333.0 5.35116471e8
334.0 5.35254388e8
335.0 5.34469442e8
336.0 5.33754629e8
337.0 5.34705231e8
338.0 5.33783865e8
339.0 5.33749711e8
340.0 5.34080611e8
341.0 5.33882821e8
342.0 5.33737677e8
343.0 5.34265098e8
344.0 5.33525112e8
345.0 5.32664276e8
346.0 5.33431304e8
347.0 5.33372114e8
348.0 5.32783116e8
349.0 5.32551348e8
350.0 5.34321337e8
351.0 5.33736371e8
352.0 5.33273884e8
353.0 5.33329663e8
354.0 5.32709966e8
355.0 5.32553487e8
356.0 5.32642457e8
357.0 5.32768503e8
358.0 5.32794377e8
359.0 5.32766902e8
360.0 5.32832329e8
361.0 5.32889361e8
362.0 5.32536289e8
363.0 5.31686974e8
364.0 5.31690952e8
365.0 5.31681681e8
366.0 5.31624829e8
367.0 5.31983987e8
368.0 5.32122185e8
369.0 5.3072581e8
370.0 5.31820125e8
371.0 5.30735654e8
372.0 5.30471237e8
373.0 5.30808026e8
374.0 5.30443858e8
375.0 5.2958241e8
376.0 5.30008719e8
377.0 5.29559287e8
378.0 5.29221912e8
379.0 5.3101327e8
380.0 5.29535557e8
381.0 5.29379448e8
382.0 5.30462276e8
383.0 5.30416597e8
384.0 5.30524446e8
385.0 5.29388342e8
386.0 5.29369812e8
387.0 5.29810255e8
388.0 5.30034364e8
389.0 5.30155336e8
390.0 5.30429741e8
391.0 5.29259951e8
392.0 5.2944862e8
393.0 5.29737664e8
394.0 5.30131555e8
395.0 5.3014646e8
396.0 5.29970531e8
397.0 5.29881093e8
398.0 5.29472104e8
399.0 5.2907564e8
400.0 5.29143958e8
401.0 5.28844937e8
402.0 5.29167193e8
403.0 5.29167575e8
404.0 5.2958621e8
405.0 5.29881199e8
406.0 5.29555906e8
407.0 5.2931282e8
408.0 5.29193482e8
409.0 5.29114828e8
410.0 5.29795775e8
411.0 5.29136665e8
412.0 5.29241849e8
413.0 5.29303152e8
414.0 5.3072888e8
415.0 5.29122824e8
416.0 5.28860978e8
417.0 5.2889431e8
418.0 5.29369034e8
419.0 5.29383604e8
420.0 5.29509632e8
421.0 5.30224906e8
422.0 5.28775882e8
423.0 5.27253979e8
424.0 5.2801334e8
425.0 5.28177443e8
426.0 5.27861335e8
427.0 5.28613158e8
428.0 5.27565612e8
429.0 5.27577885e8
430.0 5.2818511e8
431.0 5.27707829e8
432.0 5.27730695e8
433.0 5.28311168e8
434.0 5.28450618e8
435.0 5.27664313e8
436.0 5.2804508e8
437.0 5.27414206e8
438.0 5.27432751e8
439.0 5.27541123e8
440.0 5.2759002e8
441.0 5.27362928e8
442.0 5.27365007e8
443.0 5.27474772e8
444.0 5.27928681e8
445.0 5.2826533e8
446.0 5.28118212e8
447.0 5.27556332e8
448.0 5.28507499e8
449.0 5.27691978e8
450.0 5.27355246e8
451.0 5.27277602e8
452.0 5.28435646e8
453.0 5.2799577e8
454.0 5.28526253e8
455.0 5.27379111e8
456.0 5.27399919e8
457.0 5.27232721e8
458.0 5.27032787e8
459.0 5.27260838e8
460.0 5.26723886e8
461.0 5.26719305e8
462.0 5.26842884e8
463.0 5.27141909e8
464.0 5.27654614e8
465.0 5.26484037e8
466.0 5.26539076e8
467.0 5.264495e8
468.0 5.26506768e8
469.0 5.26683393e8
470.0 5.26949004e8
471.0 5.26962159e8
472.0 5.26478245e8
473.0 5.26477331e8
474.0 5.26752986e8
475.0 5.27104723e8
476.0 5.27029272e8
477.0 5.26824965e8
478.0 5.26790013e8
479.0 5.27575812e8
480.0 5.26623946e8
481.0 5.26470067e8
482.0 5.27265025e8
483.0 5.27144714e8
484.0 5.26379186e8
485.0 5.25471779e8
486.0 5.2555748e8
487.0 5.25615247e8
488.0 5.25202205e8
489.0 5.23905639e8
490.0 5.24695256e8
491.0 5.24637412e8
492.0 5.24762304e8
493.0 5.24636586e8
494.0 5.24308527e8
495.0 5.23955275e8
496.0 5.24052603e8
497.0 5.23864902e8
498.0 5.23298393e8
499.0 5.23610516e8
500.0 5.23557161e8
501.0 5.2360472e8
502.0 5.23633305e8
503.0 5.2342513e8
504.0 5.23066066e8
505.0 5.23246854e8
506.0 5.2292152e8
507.0 5.23284115e8
508.0 5.23997457e8
509.0 5.23918273e8
510.0 5.23534125e8
511.0 5.23521084e8
512.0 5.23732982e8
513.0 5.22897026e8
514.0 5.22682204e8
515.0 5.22667803e8
516.0 5.22663593e8
517.0 5.21387493e8
518.0 5.21884216e8
519.0 5.2137136e8
520.0 5.20794815e8
521.0 5.21497395e8
522.0 5.2104044e8
523.0 5.20818101e8
524.0 5.20793043e8
525.0 5.2138312e8
526.0 5.21124871e8
527.0 5.21173017e8
528.0 5.21240202e8
529.0 5.21548594e8
530.0 5.21756115e8
531.0 5.21985534e8
532.0 5.21657394e8
533.0 5.2167455e8
534.0 5.21797638e8
535.0 5.21144345e8
536.0 5.21769067e8
537.0 5.21511249e8
538.0 5.21584669e8
539.0 5.22498446e8
540.0 5.22118056e8
541.0 5.21614115e8
542.0 5.20896345e8
543.0 5.21121945e8
544.0 5.21850013e8
545.0 5.21897612e8
546.0 5.21242363e8
547.0 5.21320732e8
548.0 5.2154615e8
549.0 5.2103738e8
550.0 5.20831878e8
551.0 5.20833202e8
552.0 5.21174487e8
553.0 5.21602764e8
554.0 5.21516799e8
555.0 5.20842994e8
556.0 5.2100523e8
557.0 5.20778723e8
558.0 5.21691528e8
559.0 5.22092002e8
560.0 5.21436991e8
561.0 5.21086993e8
562.0 5.22159743e8
563.0 5.21534021e8
564.0 5.21506306e8
565.0 5.21158291e8
566.0 5.20634334e8
567.0 5.20234486e8
568.0 5.20961073e8
569.0 5.20117008e8
570.0 5.19645194e8
571.0 5.19701276e8
572.0 5.19685024e8
573.0 5.20595225e8
574.0 5.20223573e8
575.0 5.19906767e8
576.0 5.20281352e8
577.0 5.19935623e8
578.0 5.19976715e8
579.0 5.20155116e8
580.0 5.20092313e8
581.0 5.20056403e8
582.0 5.20046256e8
583.0 5.20252584e8
584.0 5.20125426e8
585.0 5.20186559e8
586.0 5.19741717e8
587.0 5.20638142e8
588.0 5.20320059e8
589.0 5.20590924e8
590.0 5.20532083e8
591.0 5.20337736e8
592.0 5.20266589e8
593.0 5.20068563e8
594.0 5.20902913e8
595.0 5.21131911e8
596.0 5.19614564e8
597.0 5.18983637e8
598.0 5.19997531e8
599.0 5.19362454e8
600.0 5.19347613e8
601.0 5.20599455e8
602.0 5.19815505e8
603.0 5.18974289e8
604.0 5.18503638e8
605.0 5.19201013e8
606.0 5.18124311e8
607.0 5.16852344e8
608.0 5.17349789e8
609.0 5.17393268e8
610.0 5.16802031e8
611.0 5.15957831e8
612.0 5.17204834e8
613.0 5.16475987e8
614.0 5.15950713e8
615.0 5.16039548e8
616.0 5.15540533e8
617.0 5.16287196e8
618.0 5.16314999e8
619.0 5.15847997e8
620.0 5.16165292e8
621.0 5.16668967e8
622.0 5.16748442e8
623.0 5.15517187e8
624.0 5.14574294e8
625.0 5.1452951e8
626.0 5.13362852e8
627.0 5.14056902e8
628.0 5.13154943e8
629.0 5.12897012e8
630.0 5.1400206e8
631.0 5.1405282e8
632.0 5.13950045e8
633.0 5.13848729e8
634.0 5.12771029e8
635.0 5.1222994e8
636.0 5.13507883e8
637.0 5.12811903e8
638.0 5.13244967e8
639.0 5.12993253e8
640.0 5.12153467e8
641.0 5.11111675e8
642.0 5.12247614e8
643.0 5.11901588e8
644.0 5.11644872e8
645.0 5.1191643e8
646.0 5.12894012e8
647.0 5.11935687e8
648.0 5.1192505e8
649.0 5.11874641e8
650.0 5.10949665e8
651.0 5.10973812e8
652.0 5.10191375e8
653.0 5.11101404e8
654.0 5.11090296e8
655.0 5.11085404e8
656.0 5.11116398e8
657.0 5.10464781e8
658.0 5.10455168e8
659.0 5.10682374e8
660.0 5.10668047e8
661.0 5.10556475e8
662.0 5.10195857e8
663.0 5.10159182e8
664.0 5.10811059e8
665.0 5.11512212e8
666.0 5.10164035e8
667.0 5.10163285e8
668.0 5.10435894e8
669.0 5.11111732e8
670.0 5.10572321e8
671.0 5.1063939e8
672.0 5.10613652e8
673.0 5.10197573e8
674.0 5.10169602e8
675.0 5.10731242e8
676.0 5.10727434e8
677.0 5.11052379e8
678.0 5.11055786e8
679.0 5.10957025e8
680.0 5.10189486e8
681.0 5.10152365e8
682.0 5.10571101e8
683.0 5.10634895e8
684.0 5.10981804e8
685.0 5.11119103e8
686.0 5.10253744e8
687.0 5.10229224e8
688.0 5.10059692e8
689.0 5.09920614e8
690.0 5.09899533e8
691.0 5.09792975e8
692.0 5.10503646e8
693.0 5.10410341e8
694.0 5.10322473e8
695.0 5.11608861e8
696.0 5.10104659e8
697.0 5.1000915e8
698.0 5.09855831e8
699.0 5.09935013e8
700.0 5.11330649e8
701.0 5.10792253e8
702.0 5.09925981e8
703.0 5.10453129e8
704.0 5.11268178e8
705.0 5.10919331e8
706.0 5.09799794e8
707.0 5.09934764e8
708.0 5.09807553e8
709.0 5.10507147e8
710.0 5.11330052e8
711.0 5.10246803e8
712.0 5.09794551e8
713.0 5.10039165e8
714.0 5.09812403e8
715.0 5.09927326e8
716.0 5.1044982e8
717.0 5.10380748e8
718.0 5.10313413e8
719.0 5.09969362e8
720.0 5.09763541e8
721.0 5.09718568e8
722.0 5.09620471e8
723.0 5.09994462e8
724.0 5.10015845e8
725.0 5.10859986e8
726.0 5.10850004e8
727.0 5.09432332e8
728.0 5.09432944e8
729.0 5.0915477e8
730.0 5.09504599e8
731.0 5.09231285e8
732.0 5.09199501e8
733.0 5.09116886e8
734.0 5.08785031e8
735.0 5.09482603e8
736.0 5.09561645e8
737.0 5.09047159e8
738.0 5.09397254e8
739.0 5.09453066e8
740.0 5.09143759e8
741.0 5.09473326e8
742.0 5.09557394e8
743.0 5.08845203e8
744.0 5.08814475e8
745.0 5.09594238e8
746.0 5.09551939e8
747.0 5.09411582e8
748.0 5.08831594e8
749.0 5.08693417e8
750.0 5.09979236e8
751.0 5.09196622e8
752.0 5.08847355e8
753.0 5.09582068e8
754.0 5.09484076e8
755.0 5.08794641e8
756.0 5.08807326e8
757.0 5.09472508e8
758.0 5.08969113e8
759.0 5.08999794e8
760.0 5.09213822e8
761.0 5.09290861e8
762.0 5.1016375e8
763.0 5.10053338e8
764.0 5.09620954e8
765.0 5.09620357e8
766.0 5.09290109e8
767.0 5.09155982e8
768.0 5.09053598e8
769.0 5.08988443e8
770.0 5.08819798e8
771.0 5.10526363e8
772.0 5.08977543e8
773.0 5.08947128e8
774.0 5.09565334e8
775.0 5.09124805e8
776.0 5.09829042e8
777.0 5.09791833e8
778.0 5.10423436e8
779.0 5.08929417e8
780.0 5.09129691e8
781.0 5.10351866e8
782.0 5.09926987e8
783.0 5.08847316e8
784.0 5.09480749e8
785.0 5.09636807e8
786.0 5.09325759e8
787.0 5.09035735e8
788.0 5.08727541e8
789.0 5.08711894e8
790.0 5.08853925e8
791.0 5.08877721e8
792.0 5.10109536e8
793.0 5.09197717e8
794.0 5.09599488e8
795.0 5.09709204e8
796.0 5.0864019e8
797.0 5.07714863e8
798.0 5.08076789e8
799.0 5.08843203e8
800.0 5.07622573e8
801.0 5.07351159e8
802.0 5.07844386e8
803.0 5.07435549e8
804.0 5.07914069e8
805.0 5.07707688e8
806.0 5.07441893e8
807.0 5.07412134e8
808.0 5.07948291e8
809.0 5.07759945e8
810.0 5.07249773e8
811.0 5.07289353e8
812.0 5.07285122e8
813.0 5.0706484e8
814.0 5.07085373e8
815.0 5.07170842e8
816.0 5.07182917e8
817.0 5.07563553e8
818.0 5.07581405e8
819.0 5.08004543e8
820.0 5.07189901e8
821.0 5.0722204e8
822.0 5.08170851e8
823.0 5.08206476e8
824.0 5.07021744e8
825.0 5.06486596e8
826.0 5.07035915e8
827.0 5.07651983e8
828.0 5.06550832e8
829.0 5.06585507e8
830.0 5.06762941e8
831.0 5.07675963e8
832.0 5.06918628e8
833.0 5.07421759e8
834.0 5.06511833e8
835.0 5.06653912e8
836.0 5.0665194e8
837.0 5.06781262e8
838.0 5.07048524e8
839.0 5.07048507e8
840.0 5.06873513e8
841.0 5.07073868e8
842.0 5.06329446e8
843.0 5.06470744e8
844.0 5.05989099e8
845.0 5.06114592e8
846.0 5.07155237e8
847.0 5.06086866e8
848.0 5.05862647e8
849.0 5.05897517e8
850.0 5.06931542e8
851.0 5.06315943e8
852.0 5.06503422e8
853.0 5.06386099e8
854.0 5.06338537e8
855.0 5.06737899e8
856.0 5.06161572e8
857.0 5.06047336e8
858.0 5.06217201e8
859.0 5.06571626e8
860.0 5.05944029e8
861.0 5.05901776e8
862.0 5.06721209e8
863.0 5.06109097e8
864.0 5.07064807e8
865.0 5.06220656e8
866.0 5.06270065e8
867.0 5.06985431e8
868.0 5.06237372e8
869.0 5.06301256e8
870.0 5.06971325e8
871.0 5.06384146e8
872.0 5.05896536e8
873.0 5.05731039e8
874.0 5.05967265e8
875.0 5.05897552e8
876.0 5.06093417e8
877.0 5.05879578e8
878.0 5.05620999e8
879.0 5.05989378e8
880.0 5.05625615e8
881.0 5.05473154e8
882.0 5.06373123e8
883.0 5.06414978e8
884.0 5.05312735e8
885.0 5.05381018e8
886.0 5.05443366e8
887.0 5.05296311e8
888.0 5.05286818e8
889.0 5.05657683e8
890.0 5.06182248e8
891.0 5.05659754e8
892.0 5.05568615e8
893.0 5.05509909e8
894.0 5.0558098e8
895.0 5.05710394e8
896.0 5.05553305e8
897.0 5.05363539e8
898.0 5.05366141e8
899.0 5.05207881e8
900.0 5.0527012e8
901.0 5.05156676e8
902.0 5.05934232e8
903.0 5.06029493e8
904.0 5.06016098e8
905.0 5.06154374e8
906.0 5.05681414e8
907.0 5.05025573e8
908.0 5.04580137e8
909.0 5.04433313e8
910.0 5.03232094e8
911.0 5.03752359e8
912.0 5.03163804e8
913.0 5.02071407e8
914.0 5.02756319e8
915.0 5.02424611e8
916.0 5.02419667e8
917.0 5.01930712e8
918.0 5.01457865e8
919.0 5.01446576e8
920.0 5.01064454e8
921.0 5.0100552e8
922.0 5.00557643e8
923.0 5.01124201e8
924.0 5.01582586e8
925.0 5.01746718e8
926.0 5.0052447e8
927.0 5.002044e8
928.0 5.0094762e8
929.0 5.00478583e8
930.0 5.00450423e8
931.0 5.00019112e8
932.0 4.99812514e8
933.0 4.99816081e8
934.0 4.99749728e8
935.0 5.00201564e8
936.0 5.00079115e8
937.0 5.00314855e8
938.0 4.99888316e8
939.0 4.99936291e8
940.0 5.00474294e8
941.0 5.00426728e8
942.0 5.00319197e8
943.0 5.01217727e8
944.0 4.99749627e8
945.0 4.99432972e8
946.0 4.99883188e8
947.0 4.99475402e8
948.0 4.99408638e8
949.0 4.99889106e8
950.0 5.00480902e8
951.0 4.99420719e8
952.0 4.99513718e8
953.0 4.99413301e8
954.0 4.9935776e8
955.0 4.99642946e8
956.0 4.99794734e8
957.0 5.00537722e8
958.0 5.00922521e8
959.0 4.99466307e8
960.0 4.99460529e8
961.0 5.00153764e8
962.0 5.00109209e8
963.0 4.99320425e8
964.0 4.98585393e8
965.0 4.98536372e8
966.0 4.97986844e8
967.0 4.98269979e8
968.0 4.98932026e8
969.0 4.98678974e8
970.0 4.99686407e8
971.0 4.9870173e8
972.0 4.98420688e8
973.0 4.98478984e8
974.0 4.98273944e8
975.0 4.98303338e8
976.0 4.98259633e8
977.0 4.99002023e8
978.0 4.98468991e8
979.0 4.98762883e8
980.0 4.97944299e8
981.0 4.97319953e8
982.0 4.97174184e8
983.0 4.96341574e8
984.0 4.97152742e8
985.0 4.97191985e8
986.0 4.97268223e8
987.0 4.97087422e8
988.0 4.96953408e8
989.0 4.97058892e8
990.0 4.96372216e8
991.0 4.96320187e8
992.0 4.97016081e8
993.0 4.96989747e8
994.0 4.97150133e8
995.0 4.96477918e8
996.0 4.96339147e8
997.0 4.96320187e8
998.0 4.96320187e8
999.0 4.96242665e8
