1000.0 1071.7237200477134
930.0 1087.3167139713055
864.9000000000001 1121.7229384568502
804.3570000000001 1124.2407785564887
748.0520100000001 1159.5079426732427
695.6883693000001 1198.368013069666
646.9901834490001 1173.7540214236242
601.7008706075702 1188.212636762771
559.5818096650403 1191.980615254344
520.4110829884875 1227.9952753050595
483.98230717929334 1271.1812506648093
450.10354567674284 1288.740717133721
418.5962974793709 1265.9835574935198
389.294556655815 1261.916978924988
362.0439376899079 1316.344490195354
336.70086205161437 1327.3767131121328
313.1318017080014 1337.7259295891286
291.21257558844127 1362.2508939464904
270.8276952972504 1328.075968609892
251.86975662644286 1334.3986066678967
234.23887366259189 1334.5173338027066
217.84215250621045 1364.5701150342775
202.59320183077574 1395.8122727480443
188.41167770262146 1461.3524984264177
175.22286026343798 1482.2164623669428
162.95726004499733 1482.080291659441
151.5502518418475 1468.0463769853352
140.9417342129182 1467.0464668441737
131.07581281801393 1492.3088294687936
121.90050592075296 1490.210873283705
113.36747050630026 1502.3718840815907
105.43174757085926 1508.153319667103
98.05152524089911 1524.9745812232463
91.18791847403618 1535.2319512747915
84.80476418085365 1531.382468828246
78.8684306881939 1530.0745386448082
73.34764054002032 1557.2437901873952
68.2133057022189 1508.5630835525915
63.43837430306358 1500.6049867160025
58.997688101849135 1508.567030371806
54.8678499347197 1530.6618215268588
51.02710043928933 1531.9199538903088
47.45520340853908 1531.3606921385103
44.133339169941344 1580.1313624169914
41.04400542804545 1526.2590206033576
38.170925048082275 1546.0214756559155
35.49896029471652 1557.4009184881102
33.01403307408636 1532.1083151632097
30.703050758900318 1543.7246661817708
28.5538372057773 1552.2510565907455
26.555068601372888 1602.1345984092743
24.696213799276787 1554.332042713286
22.967478833327412 1575.8429011034618
21.359755314994494 1653.5908779945964
19.86457244294488 1586.0678271698716
18.47405237193874 1531.0916268419403
17.18086870590303 1557.5209762184413
15.978207896489819 1538.4476472364117
14.859733343735533 1535.1984309184202
13.819552009674046 1528.6993509855065
12.852183368996863 1532.1334456077916
11.952530533167083 1525.3176407529666
11.115853395845388 1533.0253845668046
10.337743658136212 1525.4315971822848
9.614101602066677 1531.727222241507
8.94111448992201 1566.7826174844013
8.315236475627469 1534.2782321137038
7.733169922333547 1492.6840378903496
7.191848027770199 1531.0842388878377
6.688418665826285 1492.919973546984
6.220229359218446 1526.9994596939248
5.784813304073155 1503.6410558006642
5.3798763727880345 1495.1230162496156
5.003285026692873 1477.056670778278
4.653055074824372 1469.734956771666
4.327341219586666 1492.689742086591
4.024427334215599 1419.9116086722354
3.7427174208205076 1419.2605218869307
3.4807272013630723 1395.979115116248
3.2370762972676577 1396.0109749015965
3.0104809564589217 1376.7652796418135
2.799747289506797 1378.9856297346612
2.6037649792413213 1381.856440145138
2.421501430694429 1408.3973000099297
2.2519963305458193 1349.457648768019
2.094356587407612 1312.947276699274
1.9477516262890795 1330.8569587426325
1.811409012448844 1327.254978113726
1.684610381577425 1379.767999019187
1.5666876548670052 1358.135704567731
1.4570195190263149 1344.9252369710125
1.355028152694473 1302.5670719809582
1.26017618200586 1315.5670168252657
1.1719638492654498 1325.4312930158114
1.0899263798168684 1345.9577914325305
1.0136315332296877 1286.8354360237745
0.9426773259036096 1323.8823837328355
0.876689913090357 1291.3191740643442
0.8153216191740321 1286.8354360237745
0.7582491058318499 1339.6081819373069
0.7051716684236204 1310.8690028499063
0.6558096516339671 1295.2652643924139
0.6099029760195894 1274.5626687926567
0.5672097676982182 1275.306351610814
0.5275050839593429 1272.3160920435698
0.49057972808218897 1322.3722197512423
0.45623914711643576 1307.4235633143408
0.4243024068182853 1313.500157805517
0.39460123834100536 1294.3636333928048
0.366979151657135 1319.9101473718304
0.34129061104113556 1302.5021757582977
0.31740026826825607 1278.8445479138215
0.29518224948947813 1285.1025384039851
0.2745194920252147 1276.6965496419357
0.2553031275834497 1251.5135088696663
0.23743190865260824 1249.152141332248
0.22081167504692567 1234.203525573997
0.20535485779364088 1237.8644585563525
0.19098001774808604 1263.6941309302076
0.17761141650572002 1235.43510893054
0.16517861735031963 1249.8994689863443
0.15361611413579726 1266.000007134983
0.14286298614629145 1256.3527590008027
0.13286257711605107 1249.152141332248
0.1235621967179275 1270.5444974862003
0.11491284294767258 1299.3825010150852
0.1068689439413355 1228.1755055446192
0.09938811786544202 1278.4242816090632
0.09243094961486109 1254.828774605629
0.08596078314182082 1223.332081576512
0.07994352832189336 1216.857083611548
0.07434748133936082 1241.4503585048365
0.06914315764560557 1211.2975916839716
0.06430313661041318 1220.7733791241158
0.059801917047684255 1236.7820705433692
0.05561578285434636 1238.701390794536
0.051722678054542115 1211.7714998621782
0.04810209059072417 1214.1502100827768
0.04473494424937348 1221.753487677425
0.041603498151917336 1197.0596208913566
0.038691253281283124 1202.3104980091725
0.03598286555159331 1161.3100996447333
0.03346406496298178 1171.712141820618
0.031121580415573058 1168.1557839230272
0.028943069786482947 1206.3783244910746
0.026917054901429142 1204.8629133296774
0.025032861058329105 1165.5657172792994
0.02328056078424607 1161.0111876805738
0.021650921529348846 1189.325845318066
0.020135357022294426 1161.9942771391404
0.018725882030733818 1166.9258829808882
0.01741507028858245 1181.5235893217491
0.01619601536838168 1161.2003226350018
0.015062294292594964 1201.7258511229422
0.014007933692113318 1129.3854165920718
0.013027378333665386 1152.6765447541063
0.01211546185030881 1129.4408653635576
0.011267379520787194 1164.205213121163
0.01047866295433209 1160.093585888501
0.009745156547528845 1147.898443737797
0.009062995589201827 1117.746318855273
0.0084285858979577 1133.6923682628626
0.007838584885100662 1104.717614860409
0.007289883943143616 1162.0016575080151
0.006779592067123563 1129.2622840414274
0.006305020622424913 1176.786557380873
0.0058636691788551696 1135.7940254650514
0.005453212336335308 1125.2300165015847
0.005071487472791837 1139.1352170924954
0.004716483349696409 1132.6033126412262
0.004386329515217661 1114.6698383046057
0.004079286449152425 1125.2300165015847
0.0037937363977117553 1139.2244754382625
0.0035281748498719326 1107.386024249942
0.0032812026103808973 1171.7419199872054
0.0030515184276542345 1134.4626216330457
0.0028379121377184384 1149.2285165759872
0.002639258288078148 1080.1633954517392
0.0024545102079126776 1158.3718596032943
0.00228269449335879 1122.9520708885739
0.002122905878823675 1115.3717014761828
0.001974302467306018 1056.0656474248556
0.0018361012945945967 1067.977817453244
0.001707574203972975 1032.2643966231901
0.0015880440096948667 1107.5267612984303
0.001476880929016226 1103.191795079492
0.0013734992639850903 1114.3582151953146
0.001277354315506134 1033.1765772891779
0.0011879395134207049 1024.7703184358222
0.0011047837474812555 1069.1424863420868
0.0010274488851575677 1086.6461386101491
0.000955527463196538 1032.3358251288666
0.0008886405407727804 1033.9236170795712
0.0008264357029186859 1077.4973904644908
0.0007685852037143778 1022.0481070026393
0.0007147842394543715 1054.8802727953941
0.0006647493426925655 1052.275503757021
0.0006182168887040859 1036.6824884642106
0.0005749417064947999 1016.9668684836771
0.0005346957870401639 1091.433706345877
0.0004972670819473525 1091.5445694449809
